#polynomialorder
5
#data
7970.013184	-1680.340454
7994.187988	-1680.649902
8018.411621	-1680.900757
8042.686523	-1681.076904
8067.010742	-1681.01001
8091.381348	-1680.968506
8115.800781	-1680.973389
8140.271973	-1681.038696
8164.789551	-1680.981934
8189.358887	-1680.830322
8213.975586	-1680.710693
8238.643555	-1680.711182
8263.358398	-1680.453491
8288.12207	-1680.19458
8312.936523	-1679.853149
8337.801758	-1679.550171
8362.716797	-1679.310913
8387.679688	-1678.855957
8412.693359	-1678.2948
8437.75293	-1678.034912
8462.867188	-1677.466797